186621
186390
185651
185649
185648
185647
185645
185644
185563
185562
185544
185514
185511
185471
185432
185431
185429
185392
185368
185367
185366
185335
185328
185327
185326
185325
185308
185289
185237
185236
185234
185233
185232
185200
185199
185168
185167
185166
185162
185161
185136
185115
185114
185105
185104
185103
185100
185066
185065
185064
185050
185049
185048
185011
184977
184976
184975
184974
184972
184955
184911
184910
184903
184859
184858
184857
184856
184855
184854
184853
184756
184755
184754
184753
184752
184751
184750
184749
184748
184747
184746
